254 247 247 247 247 247 247 247 247 247 247 247 247 247 247 247
247 140 148 148 148 148 148 148 148 148 148 148 148 148 148 148
247 148 254 244 244 244 244 244 244 244 244 244 244 244 244 244
247 148 244  75  79  79  79  79  79  79  79  79  79  79  79  79
247 148 244  79 241 248 248 248 248 248 248 248 248 248 248 248
247 148 244  79 248 240 239 239 239 239 239 239 239 239 239 253
247 148 244  79 248 239 253 254 254 254 254 254 254 254 240 253
247 148 244  79 248 239 254 255 255 255 255 255 255 255 240 253
247 148 244  79 248 239 254 255 255 255 255 255 255 255 240 253
247 148 244  79 248 239 239 239 239 239 239 239 239 239 239 253
247 148 244  79 248 239 254 255 255 255 255 255 255 255 240 253
247 148 241  79 244 239 250 251 251 251 251 251 251 251 239 250
247 140 139  76 140 232 146 143 143 143 143 143 143 143 230 150
247 147 237  79 240 239 232 232 232 232 232 232 232 232 238 246
247 148 244  79 248 239 252 253 253 253 253 253 253 253 240 253
247 148 244  79 248 239 254 255 255 255 255 255 255 255 240 253
253 237 237 237 237 237 237 237 237 237 237 237 237 237 237 237
237   1  19  19  19  19  19  19  19  19  19  19  19  19  19  19
237  19 254 250 250 250 250 250 250 250 250 250 250 250 250 250
237  19 250 171 173 173 173 173 173 173 173 173 173 173 173 173
237  19 250 173 248 251 251 251 251 251 251 251 251 251 251 251
237  19 250 173 251 183 178 178 178 178 178 178 178 178 178 249
237  19 250 173 251 178 249 252 252 252 252 252 252 252 179 248
237  19 250 173 251 178 252 255 255 255 255 255 255 255 180 248
237  19 250 173 251 178 252 255 255 255 255 255 255 255 180 248
237  19 250 173 251 178 176 176 176 176 176 176 176 176 173 248
237  19 250 173 251 178 252 255 255 255 255 255 255 255 180 248
237  18 242 172 244 178 244 246 246 246 246 246 246 246 179 241
237   0  16 166  13 161  13   7   7   7   7   7   7   7 158  19
237  17 234 172 235 177 161 161 161 161 161 161 161 161 171 232
237  19 250 173 251 178 244 247 247 247 247 247 247 247 179 248
237  19 250 173 251 178 252 255 255 255 255 255 255 255 180 248
254 253 253 253 253 253 253 253 253 253 253 253 253 253 253 253
253 237 238 238 238 238 238 238 238 238 238 238 238 238 238 238
253 238 254 242 242 242 242 242 242 242 242 242 242 242 242 242
253 238 242  33  38  38  38  38  38  38  38  38  38  38  38  38
253 238 242  38 238 246 246 246 246 246 246 246 246 246 246 246
253 238 242  38 246  34  18  18  18  18  18  18  18  18  18 237
253 238 242  38 246  18 238 246 246 246 246 246 246 246  21 236
253 238 242  38 246  18 246 255 255 255 255 255 255 255  22 236
253 238 242  38 246  18 246 255 255 255 255 255 255 255  22 236
253 238 242  38 246  18  11  11  11  11  11  11  11  11   0 236
253 238 242  38 246  18 246 255 255 255 255 255 255 255  22 236
253 238 242  38 246  17 245 254 254 254 254 254 254 254  22 236
253 237 226  38 229  16 229 237 237 237 237 237 237 237  20 220
253 238 241  38 245  17  15  15  15  15  15  15  15  15   1 235
253 238 242  38 246  18 224 232 232 232 232 232 232 232  20 236
253 238 242  38 246  18 246 255 255 255 255 255 255 255  22 236

247 148 245  80 248 254 254 254 254 254 254 250 150 246 254 254
247 148 245  80 248 240 240 240 240 239 240 240 230 238 240 240
247 148 245  80 248 240 254 255 255 239 255 251 143 232 253 255
247 148 245  80 248 240 254 255 255 239 255 251 143 232 253 255
247 148 245  80 248 240 254 255 255 239 255 251 143 232 253 255
247 148 245  80 248 240 254 255 255 239 255 251 143 232 253 255
247 148 245  80 248 240 254 255 255 239 255 251 143 232 253 255
247 148 245  80 248 240 254 255 255 239 255 251 143 232 253 255
247 148 245  80 248 240 254 255 255 239 255 251 143 232 253 255
247 148 245  80 248 240 254 254 254 239 254 251 146 232 253 254
247 148 245  80 248 240 240 240 240 240 240 240 232 239 240 240
247 148 245  79 242 248 248 248 248 248 248 245 141 241 248 248
247 148 245  75  79  80  80  80  80  80  80  79  77  79  80  80
247 148 254 245 245 245 245 245 245 245 245 241 139 237 245 245
247 141 148 148 148 148 148 148 148 148 148 148 140 148 148 148
254 247 247 247 247 247 247 247 247 247 247 247 247 247 247 247
238  19 250 173 252 249 249 249 249 249 249 241  20 233 249 249
238  19 250 173 252 179 180 180 180 173 180 179 158 172 180 180
238  19 250 173 252 179 252 255 255 176 255 247   8 161 248 255
238  19 250 173 252 179 252 255 255 176 255 247   8 161 248 255
238  19 250 173 252 179 252 255 255 176 255 247   8 161 248 255
238  19 250 173 252 179 252 255 255 176 255 247   8 161 248 255
238  19 250 173 252 179 252 255 255 176 255 247   8 161 248 255
238  19 250 173 252 179 252 255 255 176 255 247   8 161 248 255
238  19 250 173 252 179 252 255 255 176 255 247   8 161 248 255
238  19 250 173 252 179 250 252 252 176 252 244  13 162 245 252
238  19 250 173 252 184 179 179 179 179 179 178 162 177 179 179
238  19 250 173 249 252 252 252 252 252 252 244  14 235 252 252
238  19 250 171 173 173 173 173 173 173 173 173 167 173 173 173
238  19 255 250 250 250 250 250 250 250 250 243  17 234 250 250
238   1  19  19  19  19  19  19  19  19  19  18   1  18  19  19
254 238 238 238 238 238 238 238 238 238 238 238 238 238 238 238
253 238 243  39 247 238 237 237 237 237 237 236 220 235 237 237
253 238 243  39 247  18  22  22  22   1  22  22  21   1  21  22
253 238 243  39 247  18 247 255 255  12 255 254 238  16 233 255
253 238 243  39 247  18 247 255 255  12 255 254 238  16 233 255
253 238 243  39 247  18 247 255 255  12 255 254 238  16 233 255
253 238 243  39 247  18 247 255 255  12 255 254 238  16 233 255
253 238 243  39 247  18 247 255 255  12 255 254 238  16 233 255
253 238 243  39 247  18 247 255 255  12 255 254 238  16 233 255
253 238 243  39 247  18 247 255 255  12 255 254 238  16 233 255
253 238 243  39 247  18 239 247 247  12 247 246 230  15 225 247
253 238 243  39 247  35  18  18  18  18  18  18  17  18  18  18
253 238 243  38 239 247 247 247 247 247 247 246 230 246 247 247
253 238 243  33  38  39  39  39  39  39  39  39  38  39  39  39
253 238 254 243 243 243 243 243 243 243 243 242 226 241 243 243
253 237 238 238 238 238 238 238 238 238 238 238 237 238 238 238
255 253 253 253 253 253 253 253 253 253 253 253 253 253 253 253

254 240 255 255 255 255 255 255 255 254 240 248  80 245 148 247
254 240 253 253 253 253 253 253 253 253 240 248  80 245 148 247
246 238 232 232 232 232 232 232 232 232 239 241  79 237 148 247
150 230 143 143 143 143 143 143 143 146 232 141  77 139 140 247
250 240 251 251 251 251 251 251 251 251 240 245  79 241 148 247
254 240 255 255 255 255 255 255 255 254 240 248  80 245 148 247
254 239 239 239 239 239 239 239 239 239 240 248  80 245 148 247
254 240 255 255 255 255 255 255 255 254 240 248  80 245 148 247
254 240 255 255 255 255 255 255 255 254 240 248  80 245 148 247
254 240 254 254 254 254 254 254 254 254 240 248  80 245 148 247
254 240 240 240 240 240 240 240 240 240 240 248  80 245 148 247
248 248 248 248 248 248 248 248 248 248 248 242  79 245 148 247
 80  80  80  80  80  80  80  80  80  80  80  79  75 245 148 247
245 245 245 245 245 245 245 245 245 245 245 245 245 254 148 247
148 148 148 148 148 148 148 148 148 148 148 148 148 148 141 247
247 247 247 247 247 247 247 247 247 247 247 247 247 247 247 254
249 180 255 255 255 255 255 255 255 252 179 252 173 250  19 238
249 180 248 248 248 248 248 248 248 245 179 252 173 250  19 238
233 172 161 161 161 161 161 161 161 162 177 235 173 234  18 238
 20 158   8   8   8   8   8   8   8  13 162  14 167  17   1 238
241 179 247 247 247 247 247 247 247 244 178 244 173 243  18 238
249 180 255 255 255 255 255 255 255 252 179 252 173 250  19 238
249 173 176 176 176 176 176 176 176 176 179 252 173 250  19 238
249 180 255 255 255 255 255 255 255 252 179 252 173 250  19 238
249 180 255 255 255 255 255 255 255 252 179 252 173 250  19 238
249 180 252 252 252 252 252 252 252 250 179 252 173 250  19 238
249 179 179 179 179 179 179 179 179 179 184 252 173 250  19 238
252 252 252 252 252 252 252 252 252 252 252 249 173 250  19 238
173 173 173 173 173 173 173 173 173 173 173 173 171 250  19 238
250 250 250 250 250 250 250 250 250 250 250 250 250 255  19 238
 19  19  19  19  19  19  19  19  19  19  19  19  19  19   1 238
238 238 238 238 238 238 238 238 238 238 238 238 238 238 238 254
237  22 255 255 255 255 255 255 255 247  18 247  39 243 238 253
237  21 233 233 233 233 233 233 233 225  18 247  39 243 238 253
235   1  16  16  16  16  16  16  16  15  18 246  39 241 238 253
220  21 238 238 238 238 238 238 238 230  17 230  38 226 237 253
236  22 254 254 254 254 254 254 254 246  18 246  39 242 238 253
237  22 255 255 255 255 255 255 255 247  18 247  39 243 238 253
237   1  12  12  12  12  12  12  12  12  18 247  39 243 238 253
237  22 255 255 255 255 255 255 255 247  18 247  39 243 238 253
237  22 255 255 255 255 255 255 255 247  18 247  39 243 238 253
237  22 247 247 247 247 247 247 247 239  18 247  39 243 238 253
238  18  18  18  18  18  18  18  18  18  35 247  39 243 238 253
247 247 247 247 247 247 247 247 247 247 247 239  38 243 238 253
 39  39  39  39  39  39  39  39  39  39  39  38  33 243 238 253
243 243 243 243 243 243 243 243 243 243 243 243 243 254 238 253
238 238 238 238 238 238 238 238 238 238 238 238 238 238 237 253
253 253 253 253 253 253 253 253 253 253 253 253 253 253 253 255

247 247 247 247 247 247 247 247 247 247 247 247 247 247 247 254
148 148 148 140 148 148 148 148 148 148 148 148 148 148 141 247
245 245 237 139 241 245 245 245 245 245 245 245 245 254 148 247
 80  80  79  77  79  80  80  80  80  80  80  79  75 245 148 247
248 248 241 141 245 248 248 248 248 248 248 242  79 245 148 247
240 240 239 232 240 240 240 240 240 240 240 248  80 245 148 247
254 253 232 146 251 254 239 254 254 254 240 248  80 245 148 247
255 253 232 143 251 255 239 255 255 254 240 248  80 245 148 247
255 253 232 143 251 255 239 255 255 254 240 248  80 245 148 247
255 253 232 143 251 255 239 255 255 254 240 248  80 245 148 247
255 253 232 143 251 255 239 255 255 254 240 248  80 245 148 247
255 253 232 143 251 255 239 255 255 254 240 248  80 245 148 247
255 253 232 143 251 255 239 255 255 254 240 248  80 245 148 247
255 253 232 143 251 255 239 255 255 254 240 248  80 245 148 247
240 240 238 230 240 240 239 240 240 240 240 248  80 245 148 247
254 254 246 150 250 254 254 254 254 254 254 248  80 245 148 247
238 238 238 238 238 238 238 238 238 238 238 238 238 238 238 254
 19  19  18   1  18  19  19  19  19  19  19  19  19  19   1 238
250 250 234  17 243 250 250 250 250 250 250 250 250 255  19 238
173 173 173 167 173 173 173 173 173 173 173 173 171 250  19 238
252 252 235  14 244 252 252 252 252 252 252 249 173 250  19 238
179 179 177 162 178 179 179 179 179 179 184 252 173 250  19 238
252 245 162  13 244 252 176 252 252 250 179 252 173 250  19 238
255 248 161   8 247 255 176 255 255 252 179 252 173 250  19 238
255 248 161   8 247 255 176 255 255 252 179 252 173 250  19 238
255 248 161   8 247 255 176 255 255 252 179 252 173 250  19 238
255 248 161   8 247 255 176 255 255 252 179 252 173 250  19 238
255 248 161   8 247 255 176 255 255 252 179 252 173 250  19 238
255 248 161   8 247 255 176 255 255 252 179 252 173 250  19 238
255 248 161   8 247 255 176 255 255 252 179 252 173 250  19 238
180 180 172 158 179 180 173 180 180 180 179 252 173 250  19 238
249 249 233  20 241 249 249 249 249 249 249 252 173 250  19 238
253 253 253 253 253 253 253 253 253 253 253 253 253 253 253 255
238 238 238 237 238 238 238 238 238 238 238 238 238 238 237 253
243 243 241 226 242 243 243 243 243 243 243 243 243 254 238 253
 39  39  39  38  39  39  39  39  39  39  39  38  33 243 238 253
247 247 246 230 246 247 247 247 247 247 247 239  38 243 238 253
 18  18  18  17  18  18  18  18  18  18  35 247  39 243 238 253
247 225  15 230 246 247  12 247 247 239  18 247  39 243 238 253
255 233  16 238 254 255  12 255 255 247  18 247  39 243 238 253
255 233  16 238 254 255  12 255 255 247  18 247  39 243 238 253
255 233  16 238 254 255  12 255 255 247  18 247  39 243 238 253
255 233  16 238 254 255  12 255 255 247  18 247  39 243 238 253
255 233  16 238 254 255  12 255 255 247  18 247  39 243 238 253
255 233  16 238 254 255  12 255 255 247  18 247  39 243 238 253
255 233  16 238 254 255  12 255 255 247  18 247  39 243 238 253
 22  21   1  21  22  22   1  22  22  22  18 247  39 243 238 253
237 237 235 220 236 237 237 237 237 237 238 247  39 243 238 253
